target=zeros(200000,10);
target(1:20000,1)=1;
target(20001:40000,2)=1;
target(40001:60000,3)=1;
target(60001:80000,4)=1;
target(80001:100000,5)=1;
target(100001:120000,6)=1;
target(120001:140000,7)=1;
target(140001:160000,8)=1;
target(160001:180000,9)=1;
target(180001:200000,10)=1;